100
2 83 86
2 86 92
2 68 67
2 42 29
1 21 19
1 37 98
2 15 70
1 26 91
2 70 96
1 5 25
2 27 36
2 46 29
1 67 34
1 32 60
1 68 39
1 17 92
1 56 1
2 86 41
2 81 75
1 27 67
1 19 24
2 71 32
1 40 49
2 23 18
2 46 51
1 55 79
2 64 28
1 50 93
1 34 64
1 14 87
1 65 59
2 32 51
2 95 29
1 28 29
2 28 88
2 99 72
2 44 90
1 55 4
1 11 22
2 11 10
1 78 5
1 22 65
1 24 0
2 73 31
1 81 99
2 59 73
1 26 66
1 40 90
1 76 42
1 7 45
1 12 48
1 59 9
2 6 1
2 19 99
2 40 67
1 84 58
2 24 22
1 84 92
2 72 50
2 24 90
1 81 19
2 4 79
3 73 76
3 55 60
2 79 84
4 5 21
2 4 13
4 54 26
3 44 2
2 6 84
1 42 68
1 89 72
1 58 98
1 8 53
2 3 33
3 48 90
1 67 46
3 29 0
2 88 97
2 90 3
2 63 97
2 92 86
4 52 96
2 88 57
3 36 60
1 21 60
3 28 27
3 48 56
4 94 97
3 43 39
1 28 3
3 81 47
4 59 51
1 34 39
1 15 27
1 29 49
4 85 29
1 35 77
2 38 71
1 89 67
4 92 95
3 44 29
2 82 40
1 69 26
1 61 42
2 17 23
3 81 9
4 25 96
3 77 34
2 26 24
2 14 68
3 58 12
3 0 46
1 94 16
3 78 29
3 90 47
4 51 80
4 93 57
3 12 86
3 55 12
3 12 79
3 69 89
1 55 41
1 33 87
3 38 66
2 84 56
2 6 60
4 37 5
2 17 18
3 83 73
2 73 37
3 83 7
4 57 14
4 29 0
2 18 38
2 88 74
2 57 81
4 58 70
2 17 39
3 63 22
4 73 47
3 62 82
2 92 91
2 15 21
4 74 91
2 51 31
3 37 40
2 30 98
1 81 16
4 2 31
3 96 4
2 80 18
1 70 62
2 79 77
1 36 4
4 83 7
4 57 44
3 11 27
3 36 60
2 5 63
2 44 11
4 34 91
2 55 14
3 68 93
3 5 82
3 82 17
3 93 74
2 93 86
3 43 74
2 13 79
1 62 75
1 19 10
3 94 17
4 35 37
2 53 43
4 28 25
2 10 18
4 36 63
3 90 58
2 4 71
2 33 85
4 73 4
1 5 50
3 3 85
2 95 39
3 20 67
1 63 77
1 81 65
3 36 55
3 18 11
4 32 96
1 21 70
3 72 27
1 40 83
4 98 30
3 47 50
4 73 14
1 22 47
1 82 35
4 4 54
1 98 86
3 78 59
2 62 83
1 48 23
3 72 22
2 35 21
4 65 47
3 76 69
2 1 3
4 33 7
2 28 6
1 20 84
4 34 98
4 76 98
2 52 71
3 59 6
2 16 24
3 39 0
2 9 53
2 14 38
4 26 67
4 23 87
2 32 22
4 75 50
3 90 54
2 31 13
2 94 81
2 3 20
4 82 81
2 15 96
1 4 22
1 51 97
3 34 81
1 15 57
3 95 99
1 97 83
2 54 77
3 87 32
4 21 66
4 60 82
2 85 86
4 30 90
1 14 76
2 20 92
2 28 39
1 90 36
2 18 43
2 28 82
1 10 55
3 25 15
1 37 53
3 22 83
4 57 97
4 26 69
3 51 49
3 28 39
2 88 10
1 77 90
4 99 52
4 87 77
1 57 66
4 17 41
1 68 98
2 95 76
3 66 28
2 28 8
4 78 97
2 72 74
2 0 25
4 83 12
2 82 21
3 34 39
2 21 59
2 57 54
2 62 72
3 16 52
4 62 82
2 17 54
4 15 6
4 64 90
2 91 72
1 37 59
4 71 80
2 56 90
2 70 52
2 11 69
4 61 83
3 12 0
1 38 67
3 89 32
4 4 75
3 41 12
3 69 36
1 56 44
2 49 14
3 14 26
2 83 39
2 35 52
2 93 90
2 9 31
1 64 35
2 95 77
2 33 98
1 93 68
4 60 33
3 86 71
2 77 40
3 81 61
1 23 50
1 54 75
4 42 24
1 19 89
4 69 38
4 76 83
1 33 43
4 56 81
4 66 11
2 12 92
4 2 68
4 2 74
4 18 16
1 77 87
3 73 57
2 25 33
2 96 18
3 53 26
2 80 93
3 48 5
3 29 59
1 60 62
2 19 80
1 2 10
2 26 83
4 40 8
2 38 57
1 31 10
2 5 90
3 91 38
2 21 67
4 71 80
1 95 99
3 88 54
2 69 32
3 10 73
4 33 63
2 79 94
4 99 51
3 64 42
2 86 15
2 15 86
2 11 34
4 87 22
4 73 43
1 42 54
4 24 39
2 63 18
2 12 69
4 4 33
4 34 19
2 35 87
4 69 50
3 2 37
2 89 10
4 60 4
4 57 29
2 16 92
4 22 5
1 79 61
1 78 47
4 45 82
2 99 51
3 86 53
1 48 94
1 6 7
2 17 64
3 20 80
4 94 54
1 37 33
4 17 12
2 17 9
2 56 8
3 45 95
2 71 95
1 59 1
1 52 71
1 25 43
4 91 89
1 66 78
1 50 96
3 33 13
3 99 70
2 68 15
2 42 39
3 63 98
2 39 2
2 31 28
3 4 71
2 83 38
2 95 40
3 72 26
1 58 25
1 52 45
4 46 39
2 83 3
1 25 42
1 39 74
4 96 30
0 0 0
