100
11
9 4 1 8 6 5 11 7 10 3 2 
11
9 7 2 4 3 10 8 1 6 5 11 
12
11 10 4 9 1 5 3 6 7 2 12 8 
19
4 16 3 7 11 10 5 6 18 1 12 8 17 19 15 9 13 2 14 
11
8 9 7 2 11 6 1 4 10 3 5 
18
6 10 2 9 17 12 13 4 16 11 14 3 15 1 18 7 5 8 
11
7 5 8 4 6 10 3 9 11 2 1 
13
9 13 11 10 2 8 6 4 7 1 3 12 5 
10
6 3 5 2 4 1 9 8 10 7 
17
9 3 2 17 11 12 10 16 7 6 5 4 15 1 13 8 14 
13
7 5 2 8 10 12 9 11 6 4 13 1 3 
11
2 4 9 5 10 7 11 3 6 1 8 
10
4 6 5 2 8 7 9 10 3 1 
11
5 10 9 6 7 3 2 11 8 4 1 
18
4 6 15 2 12 8 11 18 5 17 16 13 10 14 3 1 7 9 
18
9 6 14 5 10 12 17 7 3 15 11 18 8 13 2 1 16 4 
18
18 4 5 6 15 11 2 17 10 8 3 13 7 9 1 16 12 14 
11
5 6 8 7 2 9 3 4 1 10 11 
12
10 4 5 3 11 8 1 12 7 2 6 9 
15
9 6 11 7 5 12 8 1 10 3 15 4 14 2 13 
18
7 16 2 5 9 14 13 4 8 11 6 15 17 12 3 18 10 1 
12
1 5 11 6 7 10 8 9 12 2 4 3 
16
5 4 3 2 14 13 8 7 11 9 1 12 15 6 16 10 
13
11 10 4 8 12 6 3 9 1 7 5 13 2 
12
3 9 10 7 5 1 2 4 11 8 6 12 
12
4 10 3 7 9 6 2 11 12 8 5 1 
18
11 17 13 12 2 8 18 5 16 3 10 9 14 7 15 4 1 6 
18
6 8 9 18 5 15 2 13 1 7 14 3 11 12 16 10 17 4 
12
4 10 3 6 2 1 5 12 9 11 8 7 
14
11 8 3 14 6 10 9 12 7 4 2 5 1 13 
10
1 5 4 2 8 3 7 10 9 6 
11
5 4 11 6 9 7 10 3 1 8 2 
10
4 7 8 5 10 1 3 2 9 6 
19
17 12 6 7 14 13 11 2 10 15 8 18 9 1 5 3 16 19 4 
15
13 7 10 2 6 4 9 1 14 8 12 11 5 15 3 
13
1 13 6 11 4 3 5 10 2 8 12 7 9 
19
5 8 16 9 3 14 15 11 10 13 19 7 6 17 1 4 2 18 12 
16
1 5 8 6 13 9 11 12 15 2 3 14 10 7 16 4 
17
3 17 14 13 8 12 7 11 10 6 9 1 5 4 16 15 2 
14
11 1 13 3 2 4 7 10 8 9 5 12 6 14 
12
7 11 10 5 4 1 9 12 6 2 3 8 
10
9 3 10 1 7 8 2 5 4 6 
15
8 4 10 3 14 7 11 6 5 13 1 2 15 12 9 
13
8 12 2 1 3 9 11 13 10 6 4 5 7 
11
2 10 9 6 7 4 11 1 5 8 3 
10
5 8 1 2 7 3 6 9 10 4 
15
14 6 3 12 7 13 1 2 8 4 11 15 10 9 5 
15
6 9 8 2 11 3 13 5 1 14 15 7 4 10 12 
17
10 16 5 15 11 12 3 7 13 2 17 8 6 9 1 4 14 
18
17 12 1 8 7 15 11 6 5 2 10 13 3 18 9 14 4 16 
18
3 17 10 7 11 15 5 13 2 14 16 18 9 4 8 12 6 1 
10
6 2 1 3 8 9 10 4 7 5 
13
11 8 12 9 1 13 10 4 6 2 5 3 7 
18
16 9 17 7 12 10 6 1 4 14 3 15 18 8 5 13 11 2 
14
5 10 6 7 13 1 2 9 8 11 12 3 14 4 
16
6 16 13 15 5 10 4 3 8 9 11 7 14 1 2 12 
16
12 16 3 6 1 7 9 2 11 4 13 8 5 14 10 15 
11
8 11 7 2 4 3 5 6 1 9 10 
13
6 7 8 5 4 2 13 1 10 12 3 9 11 
13
7 4 10 13 12 9 5 1 6 3 2 11 8 
19
19 4 18 9 10 14 1 5 15 16 13 3 8 12 6 17 2 11 7 
11
6 3 4 5 11 7 2 9 8 10 1 
14
4 2 9 11 3 14 5 8 12 7 6 13 10 1 
15
2 15 6 10 3 8 9 4 11 5 13 7 12 1 14 
15
15 6 9 1 3 8 13 11 10 14 7 12 4 5 2 
18
1 11 8 2 4 6 17 9 12 18 5 3 16 14 15 13 10 7 
13
7 12 11 1 2 8 4 10 3 13 6 5 9 
16
10 1 16 13 5 12 7 15 3 11 14 2 8 9 4 6 
15
8 12 4 6 15 13 10 11 7 5 9 14 3 1 2 
14
2 10 14 3 6 7 8 12 11 13 5 4 9 1 
18
4 11 12 1 7 10 16 18 17 13 15 2 5 6 14 9 8 3 
16
12 14 7 8 6 11 1 5 3 13 10 15 16 9 2 4 
10
6 10 3 8 7 4 9 2 5 1 
16
7 2 4 8 6 9 13 10 1 3 15 14 12 11 16 5 
16
10 9 13 8 15 16 3 7 1 2 14 11 5 6 12 4 
17
16 12 9 13 11 8 15 1 10 3 14 5 17 2 4 6 7 
14
11 8 4 2 3 7 13 5 10 9 14 1 6 12 
15
9 8 1 5 7 4 11 13 10 12 15 3 2 6 14 
19
13 18 11 5 10 1 9 3 4 16 6 14 19 2 7 17 8 15 12 
18
6 4 7 5 8 17 11 14 10 1 15 12 16 18 3 13 2 9 
10
5 2 4 3 7 9 10 1 6 8 
10
4 3 7 5 1 10 9 6 8 2 
18
2 6 15 1 5 10 4 3 11 14 8 13 17 16 12 18 7 9 
14
1 5 14 3 10 11 9 13 8 2 6 7 12 4 
12
12 3 10 8 7 4 6 5 11 2 1 9 
11
11 1 10 9 7 4 3 5 6 2 8 
15
8 7 4 9 3 5 14 2 13 10 11 12 1 15 6 
11
3 6 4 5 10 2 7 11 9 8 1 
17
2 6 17 10 8 16 13 7 12 5 3 9 11 15 14 4 1 
17
1 16 3 15 6 7 13 2 10 17 14 9 4 8 12 11 5 
15
4 7 1 2 13 15 8 11 9 12 5 6 10 3 14 
15
12 5 15 2 3 10 6 4 14 9 13 7 1 11 8 
12
8 9 4 6 2 3 5 11 12 1 7 10 
14
7 11 1 13 8 2 12 14 6 5 3 9 10 4 
10
6 7 8 10 3 9 5 4 1 2 
19
14 10 6 7 13 18 16 9 2 17 15 12 19 11 1 8 3 5 4 
18
9 4 3 12 1 7 14 8 10 11 13 17 18 2 16 5 15 6 
12
4 9 5 3 10 12 7 2 1 8 11 6 
19
10 7 9 11 18 3 19 12 2 1 8 13 4 14 15 16 6 17 5 
18
18 6 5 3 8 1 16 4 15 7 10 11 14 2 13 12 17 9 
