10
0 0 1
0 10 1
2 1 2
3 1 4
2 8 1
-4 2 3
2 2 2
1 1 1
0 0 2
4 -2 1
7
-52.750168834965905 24.731307296759525 10.266154683328818
94.99015294322058 30.9418881951149 14.659812655597907
8.139024006802458 -20.23495432979061 14.08575627535002
44.70772337845949 45.69474195479066 6.656770910242426
-20.87876376136586 -35.72355072577267 14.900151384150895
-4.910199995554464 -44.75942797209815 15.998222258793945
85.65531813174354 -29.208626757542675 19.529186819860726
8
38.871325702041105 47.313914044771195 8.33201320205511
73.25927864953428 -5.710067388277153 24.691018749788725
-44.543842604384935 97.59252726880021 20.141939437097715
88.25669504381167 32.1306867665233 17.633580929237922
36.407208906925916 -79.51899287439777 4.589168420017328
55.940345758300396 -63.00577170595585 2.7023025140969894
77.74197175025495 -5.282368385528088 21.941874095665355
-26.119910749967005 -11.59382662407522 6.487543870560158
3
14.777856790320172 71.6231178558225 20.43340048005715
1.1258047199115282 -56.69084080836488 21.188546241192558
84.40768926361363 -0.07301858092773728 5.350126498556422
9
-19.03150478302895 -47.01061920227614 17.72778790417997
-67.55096899495146 -2.358414585242514 24.016627059423367
-89.1735586779 -75.35708398217282 21.74513550969252
-10.148534901564446 97.09057441628079 23.70299848521882
84.05353308739575 -95.31381232158122 0.3573053448451165
13.35451270862255 -33.674104056827204 3.9565257470019
-86.82576756215067 -43.877775164963225 8.101076803753141
82.02414528380592 -31.396434265696 2.2357840365130754
84.81431532802543 -11.141851587042282 18.359011240957702
3
-38.42084188191901 -58.90959024910472 4.206141111741688
14.693070009205542 87.74905856326072 6.928923047658182
26.886824060464832 -73.47202264045167 22.898712536509585
0
2
64.40586190109931 89.83529176369203 0.7550847671230784
-45.519837673879906 -38.56286991555808 15.058071376711544
10
42.732990164305136 -4.41878742906934 10.711148957552393
-33.90567123100992 0.8358689251297164 24.97866011882866
-90.10587671997716 84.81013474194367 6.1562001169901555
10.635040279735165 10.691837387024904 9.261872936641478
64.50244897886606 13.192508324462153 3.9826751045282265
93.6222420288878 -9.171686562441934 22.850949997423
-61.00055222758098 64.7827022264955 20.406715079861474
4.219202449600175 -0.3155995911892546 24.92144445098808
-67.31477667419112 -57.80608239455476 10.811228698967435
-95.0050699322248 32.03149122892924 9.687708345372286
1
66.37981248447647 95.43606347504837 15.518651358210146
7
-22.531531504209397 22.948212271772732 6.2259401554148575
26.430438064662525 -37.011336932778846 5.663783164134469
83.89120218269193 64.43501485732 6.293568176202165
-81.41703185308569 -29.77097476225707 1.566886516020962
-53.09522582663575 -45.851275016118855 20.061896496372473
-11.255004433491834 84.43570300304103 13.650243759897279
72.01985504899966 -40.87486086159207 7.651872681650862
3
19.76064322894527 -62.12483427107656 7.139600396485883
53.773800124468494 -35.340487240617975 30.823830816447426
-6.4188460420650415 -98.5096738618557 42.88112079713421
7
79.43923809246562 37.55095869883101 18.53547095267493
-39.319702609923034 -57.63803530559637 23.902489485957386
-18.624489748965004 -75.31168292288714 42.63891163942824
50.49364131493874 -11.050674542926913 33.85795532480486
-78.84096091285272 65.27972508788082 38.12516787564779
-99.77498035129251 -29.685777367788518 6.9552325097932375
52.3228620198681 -87.9184207024653 36.470835358638084
8
-81.05894662494362 -6.783967001816251 27.963245620375332
-70.32776445749408 -30.866804955106204 42.322322746034146
16.085864333755268 -32.209718444713246 3.0850091997657634
-74.79938596145246 -84.49477719328323 15.557535516203671
55.936475946715944 79.99909739841354 5.380475298196432
-80.59473516128048 -24.806895768828866 30.733365055573188
-86.7910498191091 99.78771662614076 7.860146190759714
56.53511804019732 71.52640166540957 37.173913701480586
3
28.47728142738012 17.279522490399103 22.129382879091718
-91.21221736892822 -3.191737584839885 43.660674191271404
72.1040370690786 -51.538514618896336 17.13364714451966
2
39.150476317838695 -74.39278376718357 41.93484345630053
86.73361249669037 -25.193904188952175 33.69809049408216
3
29.768201382280324 76.93479700073965 38.17041821560722
-40.66251017483218 -38.43949270876927 43.30288605430554
76.40638216352198 51.75417064883493 33.4637349588724
0
7
-45.371217129936106 32.64061315305591 23.334510342780145
-69.14355569176966 -75.84587402335336 21.838735726116738
22.922106178918582 -93.64959493350402 32.431439496772974
36.99256793734091 45.81928579547488 18.30501494309416
-76.5684505512513 56.89889536199706 32.242422329139515
-31.57336817797116 -16.970726552592865 30.265053871575727
-90.01959073299332 17.5370047452097 32.35224721591995
5
-80.97808436502413 24.681728280291935 8.513346970000676
-66.13352663576919 -40.63801870504493 41.587765939239794
64.91184455138207 -32.546710037641134 32.94146787142997
23.426367963434387 8.330401489073665 43.198873450892975
7.715727623565542 -24.37986389336922 18.880624732533875
1
80.8821255208467 -47.40059697292753 40.867630195008076
-1
